255 255 255 255 255 255 255 255 255 255 255 255 255 255 255 255
255  73  40  40  40  60 255  87 255 114  60  40  40  40  73 255
255  40 213 151 206  24 156 174 137 255  24 206 151 213  40 255
255  40 151   0 135  24  93 249  62 255  24 135   0 151  40 255
255  40 206 135 199  24 166  93 106  88  24 199 135 206  40 255
255  60  24  24  24  46 103 199 181  88  46  24  24  24  60 255
255 114  88  88 177  88  88 105 167  30 239 166  93 156 255 255
255 208 114 199 149 181 167 255 211 105 250 123 199 199  87 255
255 208  33 193  56 181  37  99 211 236 250  30   0 118 255 255
255 255 187  88 255  88  30 199   0 110 152 177 170 156  40 255
255  60  24  24  24  46  88 199 181  79  22 132   8 118 235 255
255  40 206 135 199  24 177  93  93  41 120 191 120 129 255 255
255  40 151   0 135  24  88 195 195  90 254 120  16 255 255 255
255  40 213 151 206  24  88 174 174 219 245  55 250 193 255 255
255  73  40  40  40  60 114  40  40 181 235 154 248  40 255 255
255 255 255 255 255 255 255 255 255 255 255 255 255 255 255 255
255 255 255 255 255 255 255 255 255 255 255 255 255 255 255 255
255  73  40  40  40  60 255  87 255 114  60  40  40  40  73 255
255  40 213 151 206  24 156 174 137 255  24 206 151 213  40 255
255  40 151   0 135  24  93 249  62 255  24 135   0 151  40 255
255  40 206 135 199  24 166  93 106  88  24 199 135 206  40 255
255  60  24  24  24  46 103 199 181  88  46  24  24  24  60 255
255 114  88  88 177  88  88 105 167  30 239 166  93 156 255 255
255 208 114 199 149 181 167 255 211 105 250 123 199 199  87 255
255 208  33 193  56 181  37  99 211 236 250  30   0 118 255 255
255 255 187  88 255  88  30 199   0 110 152 177 170 156  40 255
255  60  24  24  24  46  88 199 181  79  22 132   8 118 235 255
255  40 206 135 199  24 177  93  93  41 120 191 120 129 255 255
255  40 151   0 135  24  88 195 195  90 254 120  16 255 255 255
255  40 213 151 206  24  88 174 174 219 245  55 250 193 255 255
255  73  40  40  40  60 114  40  40 181 235 154 248  40 255 255
255 255 255 255 255 255 255 255 255 255 255 255 255 255 255 255
255 255 255 255 255 255 255 255 255 255 255 255 255 255 255 255
255  73  40  40  40  60 255  87 255 114  60  40  40  40  73 255
255  40 213 151 206  24 156 174 137 255  24 206 151 213  40 255
255  40 151   0 135  24  93 249  62 255  24 135   0 151  40 255
255  40 206 135 199  24 166  93 106  88  24 199 135 206  40 255
255  60  24  24  24  46 103 199 181  88  46  24  24  24  60 255
255 114  88  88 177  88  88 105 167  30 239 166  93 156 255 255
255 208 114 199 149 181 167 255 211 105 250 123 199 199  87 255
255 208  33 193  56 181  37  99 211 236 250  30   0 118 255 255
255 255 187  88 255  88  30 199   0 110 152 177 170 156  40 255
255  60  24  24  24  46  88 199 181  79  22 132   8 118 235 255
255  40 206 135 199  24 177  93  93  41 120 191 120 129 255 255
255  40 151   0 135  24  88 195 195  90 254 120  16 255 255 255
255  40 213 151 206  24  88 174 174 219 245  55 250 193 255 255
255  73  40  40  40  60 114  40  40 181 235 154 248  40 255 255
255 255 255 255 255 255 255 255 255 255 255 255 255 255 255 255

255 255 255 255 255 255 255 255 255 255 255 255 255 255 255 255
255  73  40  40  40  60 255  87 255  40 235 255 255 255 255 255
255  40 213 151 206  24 156 199 118 156 118 129 255 193  40 255
255  40 151   0 135  24  93 199   0 170   8 120  16 250 248 255
255  40 206 135 199  24 166 123  30 177 132 191 120  55 154 255
255  60  24  24  24  46 239 250 250 152  22 120 254 245 235 255
255 114 255 255  88  88  30 105 236 110  79  41  90 219 181 255
255 255 137  62 106 181 167 211 211   0 181  93 195 174  40 255
255  87 174 249  93 199 105 255  99 199 199  93 195 174  40 255
255 255 156  93 166 103  88 167  37  30  88 177  88  88 114 255
255  60  24  24  24  46  88 181 181  88  46  24  24  24  60 255
255  40 206 135 199  24 177 149  56 255  24 199 135 206  40 255
255  40 151   0 135  24  88 199 193  88  24 135   0 151  40 255
255  40 213 151 206  24  88 114  33 187  24 206 151 213  40 255
255  73  40  40  40  60 114 208 208 255  60  40  40  40  73 255
255 255 255 255 255 255 255 255 255 255 255 255 255 255 255 255
255 255 255 255 255 255 255 255 255 255 255 255 255 255 255 255
255  73  40  40  40  60 255  87 255  40 235 255 255 255 255 255
255  40 213 151 206  24 156 199 118 156 118 129 255 193  40 255
255  40 151   0 135  24  93 199   0 170   8 120  16 250 248 255
255  40 206 135 199  24 166 123  30 177 132 191 120  55 154 255
255  60  24  24  24  46 239 250 250 152  22 120 254 245 235 255
255 114 255 255  88  88  30 105 236 110  79  41  90 219 181 255
255 255 137  62 106 181 167 211 211   0 181  93 195 174  40 255
255  87 174 249  93 199 105 255  99 199 199  93 195 174  40 255
255 255 156  93 166 103  88 167  37  30  88 177  88  88 114 255
255  60  24  24  24  46  88 181 181  88  46  24  24  24  60 255
255  40 206 135 199  24 177 149  56 255  24 199 135 206  40 255
255  40 151   0 135  24  88 199 193  88  24 135   0 151  40 255
255  40 213 151 206  24  88 114  33 187  24 206 151 213  40 255
255  73  40  40  40  60 114 208 208 255  60  40  40  40  73 255
255 255 255 255 255 255 255 255 255 255 255 255 255 255 255 255
255 255 255 255 255 255 255 255 255 255 255 255 255 255 255 255
255  73  40  40  40  60 255  87 255  40 235 255 255 255 255 255
255  40 213 151 206  24 156 199 118 156 118 129 255 193  40 255
255  40 151   0 135  24  93 199   0 170   8 120  16 250 248 255
255  40 206 135 199  24 166 123  30 177 132 191 120  55 154 255
255  60  24  24  24  46 239 250 250 152  22 120 254 245 235 255
255 114 255 255  88  88  30 105 236 110  79  41  90 219 181 255
255 255 137  62 106 181 167 211 211   0 181  93 195 174  40 255
255  87 174 249  93 199 105 255  99 199 199  93 195 174  40 255
255 255 156  93 166 103  88 167  37  30  88 177  88  88 114 255
255  60  24  24  24  46  88 181 181  88  46  24  24  24  60 255
255  40 206 135 199  24 177 149  56 255  24 199 135 206  40 255
255  40 151   0 135  24  88 199 193  88  24 135   0 151  40 255
255  40 213 151 206  24  88 114  33 187  24 206 151 213  40 255
255  73  40  40  40  60 114 208 208 255  60  40  40  40  73 255
255 255 255 255 255 255 255 255 255 255 255 255 255 255 255 255

255 255 255 255 255 255 255 255 255 255 255 255 255 255 255 255
255 255  40 248 154 235 181  40  40 114  60  40  40  40  73 255
255 255 193 250  55 245 219 174 174  88  24 206 151 213  40 255
255 255 255  16 120 254  90 195 195  88  24 135   0 151  40 255
255 255 129 120 191 120  41  93  93 177  24 199 135 206  40 255
255 235 118   8 132  22  79 181 199  88  46  24  24  24  60 255
255  40 156 170 177 152 110   0 199  30  88 255  88 187 255 255
255 255 118   0  30 250 236 211  99  37 181  56 193  33 208 255
255  87 199 199 123 250 105 211 255 167 181 149 199 114 208 255
255 255 156  93 166 239  30 167 105  88  88 177  88  88 114 255
255  60  24  24  24  46  88 181 199 103  46  24  24  24  60 255
255  40 206 135 199  24  88 106  93 166  24 199 135 206  40 255
255  40 151   0 135  24 255  62 249  93  24 135   0 151  40 255
255  40 213 151 206  24 255 137 174 156  24 206 151 213  40 255
255  73  40  40  40  60 114 255  87 255  60  40  40  40  73 255
255 255 255 255 255 255 255 255 255 255 255 255 255 255 255 255
255 255 255 255 255 255 255 255 255 255 255 255 255 255 255 255
255 255  40 248 154 235 181  40  40 114  60  40  40  40  73 255
255 255 193 250  55 245 219 174 174  88  24 206 151 213  40 255
255 255 255  16 120 254  90 195 195  88  24 135   0 151  40 255
255 255 129 120 191 120  41  93  93 177  24 199 135 206  40 255
255 235 118   8 132  22  79 181 199  88  46  24  24  24  60 255
255  40 156 170 177 152 110   0 199  30  88 255  88 187 255 255
255 255 118   0  30 250 236 211  99  37 181  56 193  33 208 255
255  87 199 199 123 250 105 211 255 167 181 149 199 114 208 255
255 255 156  93 166 239  30 167 105  88  88 177  88  88 114 255
255  60  24  24  24  46  88 181 199 103  46  24  24  24  60 255
255  40 206 135 199  24  88 106  93 166  24 199 135 206  40 255
255  40 151   0 135  24 255  62 249  93  24 135   0 151  40 255
255  40 213 151 206  24 255 137 174 156  24 206 151 213  40 255
255  73  40  40  40  60 114 255  87 255  60  40  40  40  73 255
255 255 255 255 255 255 255 255 255 255 255 255 255 255 255 255
255 255 255 255 255 255 255 255 255 255 255 255 255 255 255 255
255 255  40 248 154 235 181  40  40 114  60  40  40  40  73 255
255 255 193 250  55 245 219 174 174  88  24 206 151 213  40 255
255 255 255  16 120 254  90 195 195  88  24 135   0 151  40 255
255 255 129 120 191 120  41  93  93 177  24 199 135 206  40 255
255 235 118   8 132  22  79 181 199  88  46  24  24  24  60 255
255  40 156 170 177 152 110   0 199  30  88 255  88 187 255 255
255 255 118   0  30 250 236 211  99  37 181  56 193  33 208 255
255  87 199 199 123 250 105 211 255 167 181 149 199 114 208 255
255 255 156  93 166 239  30 167 105  88  88 177  88  88 114 255
255  60  24  24  24  46  88 181 199 103  46  24  24  24  60 255
255  40 206 135 199  24  88 106  93 166  24 199 135 206  40 255
255  40 151   0 135  24 255  62 249  93  24 135   0 151  40 255
255  40 213 151 206  24 255 137 174 156  24 206 151 213  40 255
255  73  40  40  40  60 114 255  87 255  60  40  40  40  73 255
255 255 255 255 255 255 255 255 255 255 255 255 255 255 255 255

255 255 255 255 255 255 255 255 255 255 255 255 255 255 255 255
255  73  40  40  40  60 255 208 208 114  60  40  40  40  73 255
255  40 213 151 206  24 187  33 114  88  24 206 151 213  40 255
255  40 151   0 135  24  88 193 199  88  24 135   0 151  40 255
255  40 206 135 199  24 255  56 149 177  24 199 135 206  40 255
255  60  24  24  24  46  88 181 181  88  46  24  24  24  60 255
255 114  88  88 177  88  30  37 167  88 103 166  93 156 255 255
255  40 174 195  93 199 199  99 255 105 199  93 249 174  87 255
255  40 174 195  93 181   0 211 211 167 181 106  62 137 255 255
255 181 219  90  41  79 110 236 105  30  88  88 255 255 114 255
255 235 245 254 120  22 152 250 250 239  46  24  24  24  60 255
255 154  55 120 191 132 177  30 123 166  24 199 135 206  40 255
255 248 250  16 120   8 170   0 199  93  24 135   0 151  40 255
255  40 193 255 129 118 156 118 199 156  24 206 151 213  40 255
255 255 255 255 255 235  40 255  87 255  60  40  40  40  73 255
255 255 255 255 255 255 255 255 255 255 255 255 255 255 255 255
255 255 255 255 255 255 255 255 255 255 255 255 255 255 255 255
255  73  40  40  40  60 255 208 208 114  60  40  40  40  73 255
255  40 213 151 206  24 187  33 114  88  24 206 151 213  40 255
255  40 151   0 135  24  88 193 199  88  24 135   0 151  40 255
255  40 206 135 199  24 255  56 149 177  24 199 135 206  40 255
255  60  24  24  24  46  88 181 181  88  46  24  24  24  60 255
255 114  88  88 177  88  30  37 167  88 103 166  93 156 255 255
255  40 174 195  93 199 199  99 255 105 199  93 249 174  87 255
255  40 174 195  93 181   0 211 211 167 181 106  62 137 255 255
255 181 219  90  41  79 110 236 105  30  88  88 255 255 114 255
255 235 245 254 120  22 152 250 250 239  46  24  24  24  60 255
255 154  55 120 191 132 177  30 123 166  24 199 135 206  40 255
255 248 250  16 120   8 170   0 199  93  24 135   0 151  40 255
255  40 193 255 129 118 156 118 199 156  24 206 151 213  40 255
255 255 255 255 255 235  40 255  87 255  60  40  40  40  73 255
255 255 255 255 255 255 255 255 255 255 255 255 255 255 255 255
255 255 255 255 255 255 255 255 255 255 255 255 255 255 255 255
255  73  40  40  40  60 255 208 208 114  60  40  40  40  73 255
255  40 213 151 206  24 187  33 114  88  24 206 151 213  40 255
255  40 151   0 135  24  88 193 199  88  24 135   0 151  40 255
255  40 206 135 199  24 255  56 149 177  24 199 135 206  40 255
255  60  24  24  24  46  88 181 181  88  46  24  24  24  60 255
255 114  88  88 177  88  30  37 167  88 103 166  93 156 255 255
255  40 174 195  93 199 199  99 255 105 199  93 249 174  87 255
255  40 174 195  93 181   0 211 211 167 181 106  62 137 255 255
255 181 219  90  41  79 110 236 105  30  88  88 255 255 114 255
255 235 245 254 120  22 152 250 250 239  46  24  24  24  60 255
255 154  55 120 191 132 177  30 123 166  24 199 135 206  40 255
255 248 250  16 120   8 170   0 199  93  24 135   0 151  40 255
255  40 193 255 129 118 156 118 199 156  24 206 151 213  40 255
255 255 255 255 255 235  40 255  87 255  60  40  40  40  73 255
255 255 255 255 255 255 255 255 255 255 255 255 255 255 255 255
